402031
18594
43281
113750
78698
53333
349739
39323
45729
52396
65521
60573
95521
633021
53177
107813
54323
44114
109375
93802
126614
96875
45052
179114
67135
43437
82813
65104
113281
114844
117240
105365
49219
66614
71562
54688
58229
305416
65833
101927
107344
112187
115052
93385
116355
55677
98021
49271
79271
214479
61354
36302
86302
326875
146042
63021
87240
85625
81718
58802
60260
75990
63178
118334
47812
57968
123282
106563
111510
661875
98072
57396
69167
88021
81145
103230
79010
70989
116823
87395
132969
88438
108490
50000
53594
46406
45937
37500
46094
117239
172708
122084
88646
93282
108854
81302
56042
205104
71094
59843
108750
108802
64271
90260
225833
98386
76510
107500
66823
47864
129219
39219
128438
99271
118646
183282
86615
113281
114583
101198
39115
33282
40312
118646
45938
39843
43594
41145
68750
228958
47396
49688
123542
45313
41823
54687
59791
89896
98021
97448
90000
68177
95677
79479
88229
43333
44427
53542
133281
64427
75260
91458
87188
88438
183021
56822
88020
62761
89219
109688
302708
42344
57709
148073
105885
105521
101406
383802
53333
98958
49635
44427
220469
47448
112552
125000
107031
81719
104062
57031
112761
108229
156563
59271
47136
81146
67500
294115
52709
132292
96927
126979
105208
116718
59583
62031
158490
94115
105989
92135
89010
106459
96093
132448
133542
48906
74792
57969
64584
83489
94271
57136
118906
52552
116145
106719
194271
71719
100000
62865
117344
140365
56042
116198
130208
107396
901198
59270
95417
111354
91510
66927
181666
109636
50208
44219
113646
124531
109792
90573
696511
58698
110104
118385
59635
75364
74010
94896
91407
52500
85313
121094
126823
90886
137552
87292
71979
195625
66406
49063
59323
285260
144844
104323
149427
177292
64479
89844
57344
58229
69271
85365
122552
365938
60156
73489
91093
122865
100468
114688
52760
332395
43646
41875
57657
100885
66510
47240
103645
35989
71094
69271
112083
61614
47084
43802
42552
42240
155156
70209
98438
92500
94479
114011
136511
109531
153333
50937
39167
110781
174323
67291
53385
106146
381302
53542
115625
65260
46042
41510
68594
60000
68229
134219
119636
135417
106146
121614
94948
155677
83750
47709
48073
48958
108021
128594
117500
336770
48906
67708
136718
42083
32239
35990
136667
58229
71875
159792
138385
115469
128438
114219
172761
95417
103802
60521
67292
87605
89167
202864
99323
132084
49792
106302
118230
108490
64479
143750
65677
42708
49115
145000
54895
49219
193750
48907
128386
89844
54323
45625
81302
81458
96145
77187
86719
104375
115000
117448
113906
50990
131042
104739
53125
63385
72031
237500
53489
116666
86823
136614
100677
158593
1457813
327083
52187
50677
42447
56771
110157
120729
93073
110886
108021
187813
131041
129531
155781
58334
47500
62240
71458
104479
160156
335781
52709
88958
91198
100677
352187
111042
65677
60521
71823
51406
51198
141615
117812
100625
303750
75156
131667
53854
62240
87292
97865
410208
46771
114271
131042
106198
116354
266146
328177
100521
48438
74687
85729
56980
115573
99167
91927
135000
101146
103907
41667
167864
67083
62239
54271
106198
304583
117448
110312
117604
104896
66823
65208
92657
68385
62709
58802
150416
48698
121511
126354
96458
342969
61510
120260
98906
60417
56042
149583
51042
86823
65833
63437
56250
175573
126250
114427
114896
65416
53750
104583
71771
68698
117604
107188
96719
340886
89584
109375
99791
98230
51407
71875
60313
66614
112917
79323
56979
72083
542969
84167
93385
79948
55781
71146
50260
77813
69792
160729
423385
98177
107916
311771
63229
104062
93750
56667
60417
59271
105157
137396
123698
106510
84114
117135
260313
55885
98958
65052
60052
80260
78073
80573
63542
73958
88542
92709
92031
294062
77500
71198
57552
47396
61197
123230
140573
99791
56042
72917
190156
62396
117552
93541
45000
52135
53125
150781
113073
89427
101146
53802
93177
284792
87031
77083
46562
48333
63385
33906
109532
64011
111458
60104
108021
167760
129427
67968
48906
50730
63281
267500
54063
98385
92656
103333
83906
91823
121198
73177
87864
81197
150000
53958
46770
111094
82031
369167
102604
94948
103750
102500
160729
75521
61042
50260
51041
52240
92396
90937
82343
123854
299687
45989
82187
64166
59843
42344
85989
106250
81406
75729
105468
107760
113959
250573
59531
48072
45833
94792
68698
130157
119896
99844
161354
90208
286458
68958
94062
107188
90468
104427
59271
86094
41250
91510
68750
98437
308282
120833
97917
91198
56250
62656
50886
92760
123542
48385
53594
43802
61354
288958
54740
156094
90000
70157
61614
77500
197969
127656
106250
129218
82552
120365
100521
325834
79948
45782
66979
53594
100000
110625
89063
126718
91823
89583
490364
52187
128698
46510
69948
79791
75729
295208
83542
94583
95625
136927
120833
68855
44843
51979
33594
40469
117396
38073
37187
77032
575833
224896
17240
56197
103073
125782
96042
164115
60886
51354
48386
43594
50468
96354
102395
1281145
51719
74375
56823
51563
83073
68541
91406
108125
195364
149636
87813
98593
95365
70521
51094
55781
41250
123386
63594
63333
56458
44010
48385
47396
49114
330000
82864
50937
71928
81771
101980
109844
93281
99792
131823
39792
101927
87396
86510
58542
83698
50625
60260
200208
151146
64115
88646
36355
120625
85469
63385
187291
48594
42292
52292
82708
111354
106614
91458
72188
120260
114010
42448
37917
25990
26875
24010
43698
207969
56146
89844
79687
94271
92812
109063
88907
155886
71146
50729
50834
112136
80000
100313
111771
333698
85573
102500
78385
84948
59948
85260
81510
91719
107031
114843
94219
76093
141406
311563
84635
62447
45782
51979
111667
73230
155156
105885
111510
86146
300416
57239
111980
92760
73958
45052
54219
55885
88281
78438
77083
108021
93802
326927
58333
101823
44636
55469
84635
76459
88385
56979
117657
73698
87187
102448
289375
57500
81094
53177
46198
43281
54115
55885
57448
59427
94948
287709
95260
105105
75729
85260
57813
48646
49010
48750
38646
110469
97448
113386
344635
53854
52865
62969
80573
106562
64062
92552
58281
54792
123281
115625
99531
279479
86094
46614
44636
79688
80729
66302
102864
91094
88698
87448
284896
50104
82969
86771
41771
67552
58229
44375
90052
85156
88229
88437
98489
275261
61250
93750
45729
44688
75573
80468
285521
90105
59323
86406
92448
96250
69062
364791
109584
63698
39271
48646
105729
121771
66875
45105
100677
99531
95261
90521
41614
154792
62396
72864
52344
125365
100468
103750
157395
125365
89531
125677
84740
61198
42031
153073
106041
40677
38177
32812
89010
92083
119792
98854
55677
46354
48125
52604
92031
298230
149532
103281
61302
49583
123021
102447
129375
47605
73645
266615
92552
122447
93125
85886
116406
116511
131250
100833
49844
98281
159323
56719
65156
60834
103802
317448
65469
112188
113594
63177
120937
83698
58073
59115
120521
56563
77657
72709
62292
110364
105104
116042
109792
325521
67240
59010
50989
70208
60104
57760
47188
43073
132916
91823
286823
57760
101042
180677
60678
90989
241355
69480
90885
127084
102500
87709
196666
51458
102292
57709
61406
78489
78594
50625
117291
96198
95885
58593
294011
54167
95989
101823
58855
58333
121198
73230
114115
113802
99688
121511
109219
300833
55677
86771
67500
76719
68281
55885
92396
119479
113281
109323
97916
103333
123907
101355
92344
63854
48854
147760
50104
105990
120000
119844
98125
294375
43333
101354
102500
55937
63021
49843
58021
89427
105938
131406
106771
116927
322031
49062
100885
89011
59479
60104
58125
95625
123229
83282
93489
109687
81146
336979
89011
56094
81354
106927
63333
94115
126980
330521
104427
90885
299687
63698
90572
83073
70312
221510
110365
108438
49375
110417
97604
95729
229323
129375
96459
59843
48073
41667
56771
48177
40520
45313
107344
316354
51615
105469
67344
108802
70677
58021
112448
55052
53021
61615
84844
85678
114062
105156
114636
291354
91771
76198
67656
67187
95781
156563
100417
97448
116822
111511
176302
62500
96250
60365
58021
48125
187500
99375
53229
125416
98125
105989
53385
48802
102708
733854
53282
112657
77708
105312
188490
92812
127657
110364
108958
65052
79635
68437
51302
36875
45730
44531
126459
309531
49375
99792
92865
89844
98594
90208
73750
155521
59479
57292
53854
54271
117292
632969
76041
94271
124792
99687
57916
46875
144375
72031
49636
90990
102448
106458
301771
67761
104896
113959
101459
77135
145834
50052
42864
94635
90417
154583
98802
285209
49896
111302
59218
55365
85104
105364
138385
105521
98073
103438
101145
98281
288125
74531
83698
63073
63125
49062
40990
14531
103437
112083
100781
100208
94063
118334
82344
62864
155781
66771
40417
40834
137657
96250
131719
77188
112760
99271
113125
530208
38646
50260
90521
44479
429218
60053
119114
106770
80209
79896
93594
56562
54375
50417
46823
52969
89427
169896
126093
107969
97240
62083
44323
76198
62292
61719
242760
133073
110573
117031
91614
109167
69687
95312
105260
244896
69375
157761
49739
43385
75625
53854
323542
43698
95833
109739
60365
119688
103386
50313
81875
178907
107083
101927
299792
90989
63646
124844
153385
91979
96823
138542
46875
99739
57500
48854
433438
50312
112916
81459
111146
60885
104948
76302
53541
46980
58594
105833
51979
56510
87344
110834
892656
47761
106875
80260
51042
76823
71718
117917
111823
72657
105156
104427
1107605
121823
101093
72552
61250
46406
70000
50156
44219
130729
65573
102500
109010
299323
43073
75937
46198
57605
69427
106510
380938
99844
108646
104011
101510
102708
107604
121198
56927
149739
56666
46928
105469
99948
100625
99948
92084
149636
92865
103177
124166
98230
49844
47083
80365
35469
54531
108906
108594
113385
107656
110625
420782
77292
3028594
44583
56354
69791
111667
111458
308750
53802
117552
81562
94636
51510
83437
50156
95364
45625
37813
43697
102968
283177
122396
117552
38854
227136
79843
45365
63021
57500
82656
127708
102917
58333
98958
334480
56406
78125
76615
67291
73385
104636
124583
54428
123021
112344
101823
101042
183958
96875
67135
45886
48541
80104
90937
102292
94531
104740
97187
238125
52136
119479
118334
57812
94948
190781
70053
56354
103959
88282
125989
258854
87135
103490
92032
60469
73073
58750
51354
39532
100521
81927
135000
327865
100313
95625
66093
98020
225260
74115
50156
105833
138125
55417
60000
119010
103333
84739
107917
142187
63229
59063
48698
45052
51563
63125
48438
104583
263542
88959
104062
65104
63386
49687
65468
60521
91718
109636
39427
122032
232865
148177
110573
78073
72813
56146
66458
281354
48438
110209
111458
107084
98489
140208
48594
72292
71354
63438
474375
84427
59010
45781
58125
44271
105000
111823
172448
91875
92448
75417
195313
36458
20886
60989
46562
113490
303334
68021
114375
109896
90833
59323
47239
51823
46302
98229
111979
99010
57448
104063
308594
52500
116927
55313
47656
45261
52448
89218
111510
72031
100417
50677
111406
311406
94843
72291
50678
74896
69479
67813
120365
95104
97344
110312
333959
47396
111302
110885
54792
51354
52500
51615
90052
80469
52605
39583
120625
50469
106615
106928
64375
60052
59948
49114
43073
113490
101510
114844
104792
153594
47084
62656
73698
62552
45834
43490
259583
67916
45521
79427
119687
104375
56042
65260
88229
43125
71042
85781
141198
89583
93385
132084
52448
139218
124427
86302
85885
69636
59896
54687
64844
40261
94166
86093
99166
132709
149739
91822
104479
80625
49583
169688
64271
38802
38646
47031
174479
82448
123959
84844
79063
90260
55833
65521
66875
104427
72500
118333
348281
106719
56250
107032
97968
134583
93594
63437
49115
133645
61041
142656
96302
108073
123542
111979
115364
183594
46927
44375
36875
67396
93750
122083
113385
108281
347031
108542
112760
105000
93646
103542
73646
53542
303541
48646
111615
118855
137292
96146
127136
113542
85677
150208
69844
44218
87135
111406
109062
124219
49063
125520
99532
91719
138594
52604
49896
64114
43125
138021
60729
97448
96875
113281
122031
100156
73803
114010
152968
62292
38541
84896
106719
88281
102187
110782
244375
134010
109166
112239
53490
49791
53438
71614
65937
118854
114271
92552
135313
116667
110469
73803
65834
204531
76094
46459
93073
107865
111250
113490
91823
307604
379375
101667
88698
48021
74375
71823
57657
88073
55364
38907
58958
106927
132865
115677
80209
58177
59532
1986979
49167
41041
43854
92969
126407
82604
108073
89219
77240
87813
148593
46198
85417
67760
108802
76250
49063
86355
102240
86614
117291
103907
46823
60730
70000
82656
92135
112188
97500
91979
207448
119635
101042
112865
64010
43594
85781
91094
44948
108333
100468
117240
112187
120573
97500
158854
84844
44948
79114
56667
78021
114323
127239
116667
117813
72760
95000
69011
71145
61615
45521
36822
104948
96719
88698
95312
97343
91771
113854
91093
126770
97084
64010
75677
66614
57292
59895
97552
99635
86823
234219
102968
125781
112968
70364
43750
63386
39218
104114
55782
115677
302240
65417
132709
85469
60052
82239
199896
61563
39375
98333
99427
111354
100260
109322
104271
94792
103698
154063
52344
90521
64635
114115
108698
107292
63334
116042
45625
43854
83698
50729
78385
115052
57291
126667
122708
126875
110156
288750
111615
96822
92083
80156
71198
46042
97188
46562
106145
65989
86719
105469
94688
318281
62604
98073
54010
55260
79532
78281
278698
49583
107083
115677
94948
89271
68334
106562
53854
46146
75729
84792
46875
89323
105677
114844
160104
102291
65885
93490
111041
56718
69479
73646
97083
71458
117968
125209
98386
98073
129063
128542
90781
50730
44843
218542
50417
87916
87605
58802
96927
77709
93333
100104
112760
43437
40313
88333
78802
299583
101615
94115
82656
100000
88906
155937
35000
116980
104323
51302
253073
63333
124062
97604
100833
125364
81458
78542
108958
122969
93698
174115
51146
59427
103697
150834
49584
69270
62604
115677
112084
111510
269166
72865
40834
37135
42656
17916
26510
42240
40468
406198
80521
91823
68021
64010
148906
57084
57761
52604
121719
112604
319792
77916
100677
120365
78125
63177
73281
62031
71927
98438
180521
111667
93229
94011
294895
59792
125312
98594
58281
51614
55364
103698
133958
96406
110208
106406
124062
310000
93750
46823
73594
102084
56145
62448
93490
121198
102969
65729
311042
56979
62135
68438
83594
76927
254792
42552
74531
94062
85782
81459
131511
49062
89062
98437
76667
68177
87968
115469
107396
100729
108802
123542
85677
62761
69843
119687
66406
53645
127239
50000
45000
100417
116458
110364
51979
148958
95000
98646
48854
111771
167812
82708
47292
110052
56302
92708
139479
123281
90781
114427
95052
65573
171354
51510
56459
106615
100729
89115
52292
58958
38437
42708
92448
61042
148020
38542
270989
133073
55104
119271
130937
104323
126770
92500
76614
258698
79167
40886
36354
108281
53803
36406
96771
94166
301875
112344
90260
113594
76146
55312
106042
32812
33541
58282
115053
107552
483229
62084
100573
82968
122761
74115
63021
68489
89375
58593
123437
144948
137552
215260
75729
310261
53907
70365
89219
66302
50781
131875
105833
100313
81875
303281
65104
86927
98230
54740
59948
116145
107031
56615
51093
113073
102916
88698
120834
63854
118906
97239
70313
62135
49323
242291
159583
89688
41042
100208
309115
45521
103282
97605
70417
59687
48177
53750
59583
88229
86198
91510
289011
93802
106094
80520
64740
46094
57500
84166
47709
113646
58229
127864
103333
297240
50781
93646
60260
40729
57917
71927
134843
103958
55834
86927
110677
86458
158958
72813
72083
82916
73385
74896
172708
43230
74427
103021
117032
144583
57500
55885
71146
61354
52240
58281
64011
100989
122136
114115
112448
167395
125729
99375
144166
100209
59010
86459
122864
56093
116667
104584
108490
164219
117344
42396
82553
57760
65469
89792
100417
92448
84166
106823
97136
86719
78021
141562
82083
95469
54948
103906
336927
58437
87395
69479
72448
107500
62813
132239
73333
109688
83750
143490
65573
42344
104739
66302
176719
104062
135417
86823
87396
76198
151927
43594
43385
63021
128698
126198
91042
119063
96615
89115
336771
83229
69323
49687
88593
67605
127865
86823
110677
103489
114218
314688
69219
118698
114427
86667
51094
136614
99271
130156
94375
108594
98125
306823
61875
89062
116875
71511
112084
52188
219375
45781
118958
104792
105156
328125
57135
108334
134115
64323
49583
173281
53802
59375
83281
67500
72031
108281
227552
54114
91979
104010
53750
75261
71719
259740
51667
113125
95157
102396
122292
63073
489583
136823
54687
61614
255990
88541
113698
100677
60833
130365
111875
128438
106094
287760
76667
73750
66875
259323
58385
61510
105469
101041
117968
113541
917187
58594
82187
65156
79271
92552
82084
50729
124062
102865
100417
111146
305937
56459
81198
56667
64115
126562
93281
59063
94584
114688
99479
112136
298802
53333
61510
45833
64740
86406
71771
104271
116823
89740
108386
83385
182709
97656
72812
102604
59792
276354
67864
39948
112136
110156
209375
102917
149219
97813
113802
281614
154635
48177
37864
50156
97865
90729
109532
125417
110261
111198
111198
109844
45938
140677
105886
78854
44896
135938
114427
103125
87708
114375
336980
125416
100990
62343
44948
96875
116406
135365
98854
109479
105000
119844
61875
43854
44531
30886
50416
42708
60937
44479
108750
108229
308438
58229
115364
98698
89218
96250
52448
53490
75052
40990
123906
125313
93125
64010
308958
66303
127396
79948
84532
133958
73542
63281
541771
112240
100208
323646
53958
134427
103437
77865
70625
176354
55416
57968
102448
132760
105937
118073
108698
161927
76354
95313
57500
89271
80000
83489
92760
160729
85885
112813
107500
116979
82240
146146
62865
85885
46875
112500
99947
97344
115625
116927
143958
125157
98177
76562
68489
74271
57552
80677
304271
116979
98438
118750
101823
101771
91823
93281
76354
48021
79063
379219
106459
116823
89531
81198
129219
116250
91198
91459
57605
114323
47083
74427
77032
104532
69739
47864
115781
101250
115781
117292
65781
64844
46771
29844
26198
47552
46927
105729
77188
46458
110416
101406
58125
127083
58802
49010
91510
108698
75364
44427
49688
147031
300000
134219
126927
71146
57656
53854
57031
64896
120677
101927
115781
90573
102396
115521
40573
92396
315260
36875
43125
109271
90886
50938
124427
66719
102708
83750
88593
40729
45364
42917
21458
29323
87865
89531
228490
121094
103177
107760
105365
299947
66250
92656
56927
69739
82031
67135
128959
100677
98541
97865
526458
57708
97136
42709
82969
84375
243750
66823
115989
99115
103021
89584
324688
78698
94948
56354
70208
49011
192656
60521
115364
106510
99115
86719
261667
48803
105260
97553
66302
57552
91302
568854
81875
101250
105365
97656
100729
290782
96302
105261
55729
109010
72188
374375
90417
123646
87135
102500
96250
291719
46042
130105
99427
60573
91094
100000
97760
108750
104062
101094
109531
376771
55052
107292
83385
54011
59115
182187
71458
59271
109584
92864
107813
63646
87969
176406
99114
55208
101562
49531
89062
65156
208750
190313
86302
83385
157395
88333
114011
108333
56458
56823
84948
132396
106927
98333
92812
153802
72292
149636
72136
3047084
39062
125000
38802
40678
39167
103021
335365
76459
103230
148802
152240
132761
70000
52291
67552
51302
95312
99948
89271
101198
93177
131875
67031
99948
61094
63333
63490
75468
359010
72500
113229
107084
108593
90625
79947
100208
66302
51041
42969
124270
38906
43854
45938
70364
127448
86198
107344
92031
160833
72760
45365
74844
49896
95729
79531
102187
114271
104480
101979
317969
71094
55520
39479
55000
56823
65416
132968
112188
54636
116771
298490
60365
108229
74270
54688
71406
65156
57760
40156
108958
97552
98802
304479
75885
106927
82552
54167
44375
71770
52812
123073
108541
98959
98125
275417
134479
106563
95886
78020
89844
71563
52864
61198
120729
92396
95782
366458
132188
111875
115104
369166
45417
184063
705990
50989
54011
101458
98385
92448
71563
325573
51927
86198
57240
69114
129323
89427
91458
329115
52344
96250
90937
91302
96667
125313
70105
167760
154479
53542
102344
109687
115468
105260
86979
74584
105156
92084
98021
56979
88020
68594
735521
54531
319375
112239
97240
108593
84428
105989
89688
134635
44896
57604
55885
117761
369479
61302
133281
65990
47708
292760
93802
65678
77709
177188
55417
72448
193333
116615
102969
56718
336354
47969
120833
108177
71406
57135
86614
37396
364166
89115
110416
181927
163021
51459
243490
75573
46094
52761
62344
103802
101406
353281
93489
85313
68594
100989
261615
124115
67552
48125
62656
57396
117136
321510
58958
61250
134635
59011
274063
98177
69688
49375
112448
60312
91198
527552
60208
114479
86510
83855
281823
97968
104375
72969
62031
50365
61354
146771
136718
115833
110104
64271
56614
79896
113698
68437
64375
65730
75990
95416
377708
58333
111511
75625
46718
126979
52500
139895
68021
145312
56198
55781
285208
74011
100105
114896
70520
178490
55313
101198
126354
47136
52864
56562
66875
380313
59323
114636
67604
104687
269480
110573
71302
112709
428958
62604
57031
158281
101198
121459
84219
195782
146667
88386
67448
158750
96146
46354
86510
260417
59375
114948
54844
114792
296771
50208
89583
72032
114583
60625
59323
288021
93698
96667
98594
130469
263542
62240
218334
84323
46303
60625
56719
96875
171094
100677
96250
87240
86094
64479
224739
172188
78802
49896
59219
65833
295157
54791
96927
69375
177552
57188
120833
81771
54896
61823
77240
115260
113021
46719
85156
99948
66875
121458
123333
96823
98282
169167
60000
90157
84636
216354
57396
108125
104323
101094
63906
282032
186875
51354
49427
50469
201042
97656
109636
73958
67031
362760
83855
90677
86042
175886
89687
53542
112448
162917
42239
102084
106250
117188
118021
90834
96823
58490
54583
86354
48334
230313
177969
49531
90625
128645
54271
101718
240885
160416
57500
40885
47135
128386
100573
126719
83594
104010
323906
59375
54948
51094
79636
79271
35052
57084
56042
44375
190000
55469
52813
56562
2490677
52448
1700104
45989
38333
119115
182500
3851042
38906
15937
18125
14063
17708
52761
48959
40208
118021
20573
25208
872344
40833
40313
230105
124531
51146
76875
398073
64740
48438
71094
128594
116354
121250
106875
95157
143906
69375
98177
48333
68021
351302
62813
79480
111927
166979
225885
67604
57553
63594
95781
52709
166927
49063
46667
50885
85104
208646
49792
140833
113073
118281
102656
37135
13906
29479
41511
36979
206302
57396
91823
93802
97864
117656
64895
87448
66667
51250
68073
138386
42709
42031
50156
124844
292917
123698
371562
64063
53385
44948
63907
60885
231042
91042
88333
86041
75313
517969
46771
88073
45417
41719
44532
74584
301875
78490
93593
83802
85365
83073
89062
84115
243802
50417
44428
55469
271406
123802
108698
305521
57084
114427
104739
80312
88854
81718
85730
64010
56719
40104
94375
93021
112761
794740
652031
90416
115729
94063
69427
212188
55313
55521
71979
105937
110833
313802
86667
121718
58906
69948
45781
91771
50625
48541
47344
74219
383646
52552
99844
81458
82552
91927
57552
101407
56094
90469
57916
57031
82552
59479
85260
108542
112292
113333
63490
99636
39792
79010
117240
62969
103333
129479
71302
108385
49219
96354
63385
60521
204427
87448
78334
70834
60521
130729
107292
107240
98386
291354
