2232917
217240
555781
504584
673698
627760
1047344
331980
572292
412500
669219
681198
935260
1284167
960573
1874166
740468
707240
1868281
979167
2024195155
1021042
878073
1078698
1302448
694011
1261927
1040781
2529323
2907969
1847396
1975573
2042820468
1041302
878646
854688
1040313
1781250
936614
1824115
1442604
1809896
2291979
933177
1838333
2007598958
1060365
859219
1090885
1248593
904948
640156
1761823
2199323
2031563
698906
1694584
2035782291
959271
1628802
963594
1381927
921303
695573
540729
616250
1900833
1807812
1802604
2039508281
957917
835938
940886
1226823
1367968
2003593
1104896
841563
2170937
1539844
1639010
1736406
2037040104
650469
610834
648438
662083
629166
554844
2306198
951927
2073750
2149895
1746198
2002050051
1244115
863177
1246042
1124844
981614
1752552
1820260
1234740
1454479
1076719
1787188
2013588020
2223178
1481719
726719
735000
650053
2086927
2067968
1828698
1700156
1190260
1594010
2403021
2002142447
603177
575677
540729
552396
4013594
344479
530416
511615
1040573
1381093
709322
2016901614
1835261
823906
1129635
1854636
864166
1719636
1813646
1867604
1758698
1517083
1809739
2006145468
1547917
813594
818229
1084844
805833
1035364
1346771
1757448
1765834
1928698
1035105
2017290624
1562709
895313
810729
1196562
1769427
640625
960469
1825573
1958385
1963750
1773437
929895
2023811093
1781771
822812
884011
828177
663698
1826094
1838698
1558698
1760572
2010833
874167
2012272134
1797344
880782
955781
657500
1085156
580000
2187083
813542
1951510
2021145
1588646
2039707916
1628021
819063
955729
913906
1223906
1778750
1137240
927865
1847709
1782760
1890521
2491980
2039828072
949583
1446458
978385
2114791
1946146
741771
2231250
825729
1754948
1746875
1047396
2007816613
1446928
873698
939584
846667
840417
2079375
2548490
2427969
2040990
785989
1764792
2003470520
928854
1044322
1014584
906458
692708
510677
1822396
1831145
1771198
1827344
1861458
750729
2042047448
1765625
857448
1176042
1234531
1472708
1324635
685000
1245885
2233646
2205052
2757136
2005241406
946146
1449792
1393906
705104
801302
608230
1425678
1798750
1792396
1826406
972969
2004129426
1413698
886719
916927
1354270
1761979
1812605
975260
929739
1154583
1743333
1877187
1784271
2006363333
682916
638281
668125
646250
846823
1592968
5899427
1388594
1685885
1386875
1363281
2015880884
1794375
877969
813334
585782
702761
598802
802656
765677
1802657
1821771
1747708
2012665156
1858593
2280521
875364
922188
590364
1836875
1669219
793854
716823
1852604
2450938
977917
2034895729
955625
650677
648020
838125
1341614
850938
1900886
1936094
1791562
1833958
1796354
2010994426
897084
931458
689687
739218
1121667
1760521
1843490
1782552
2733125
712239
937657
2034887291
645989
589114
400105
673386
964583
840729
1883958
1887553
1803854
1784740
1841458
873177
2015766926
1599739
867813
1174740
1395052
1367031
1176615
1847552
2024062
1427136
2021093
1949531
2035746145
978489
865938
775834
701718
659895
1332917
903646
542761
1009583
765729
1943229
2017827083
857708
957812
1401875
1899375
1439167
991719
1752084
1811406
1800990
1853177
2359375
805261
2039722030
950729
833437
964271
1227708
868489
1020260
3121563
2256563
1859531
1769584
3145729
2002832812
1012344
1309948
921927
812136
758386
1797553
2175781
1047240
1810625
1933958
1399948
1822500
2039862239
1099583
844896
655364
1220625
879063
1767604
2150886
1894636
987344
1248698
1748854
2005020416
1645104
1561927
921094
732864
719843
676407
581302
1910886
1882813
1795834
1909792
2006680989
1654635
852812
818281
1206250
1752813
1803021
702813
2022291
2395573
1903854
2013385
1894635
2039719635
1733490
830469
1748021
1445260
851562
1713073
1620834
892812
1946146
1792969
1823542
2018457291
918802
833386
989063
1006980
1577864
1828490
1908594
1891406
1847032
1835208
889739
2012753958
1183437
1816614
980833
663178
728125
532657
1782969
1801406
1822239
1997343
1265052
2014552915
958021
1531667
844271
767864
664323
1468281
548073
1064062
637917
935469
1841875
1823698
2007131250
1036250
851511
622761
709219
1008698
2023281
1797760
1851615
2453802
939167
2077396
2014172551
1413385
796875
766146
680052
1211354
1855729
923854
818489
946823
2226979
975781
2011618697
949583
1005364
961719
907240
1220312
827604
2213177
2415000
1999635
1808229
2571875
927084
2041809218
1745104
897916
892708
785156
916250
1975208
1810572
1780312
1054896
1788750
1589687
2006512656
1636302
860521
973334
1274740
1396719
1095885
1354010
1307917
1601822
1803282
2268594
2035813177
1135105
857760
1019323
947760
1078229
1050989
1979427
1874688
884583
925313
805833
886979
2038127760
965157
815416
1254427
668333
1264843
2162291
1406510
2143229
867239
1636667
1813229
2007881978
1360730
832448
883645
691145
612239
1813490
1230312
2169791
1250157
2129323
2089219
2010000937
1438177
874947
819687
1281198
1575625
871198
1842604
1778230
1843333
1388437
970833
1852136
2004232811
1635937
1542917
897916
884479
769167
1499792
1243334
1506459
1874687
1870677
2835573
2004949010
1669375
1059531
1242864
866146
686562
620053
2063438
1753177
1301614
1782239
1836979
2018207396
1251198
870104
808229
1216927
1538073
2475104
977656
1416406
1817552
2067605
2020156
2019192916
903125
846406
844636
698438
902084
1280989
1988490
1809427
1935886
1737240
1839010
1021562
2008967187
1825729
1545677
1831041
1236875
882969
657708
1832656
1172083
2140417
2262395
1780781
2034071510
1619427
859062
871927
703281
869479
1925261
555261
866042
553906
524166
1842032
2016915989
1887448
1543698
911562
1230208
1347448
1083125
1990468
1798438
1854896
907135
1847240
1801302
2036255364
989219
819895
972500
968437
1794635
2015989
1326667
885000
1850052
1998177
2047448
2042077707
741354
710885
1217969
1504323
1521875
1787135
1712031
1738437
1757032
1809584
1833073
1073803
2006427239
741354
675052
632656
532032
639167
625833
1476458
753282
1175781
216250
514062
2024498229
1713698
834375
990416
816250
701042
565052
572552
587865
1822656
1845521
2208698
2002838541
1358594
847760
965104
948229
1135157
1901093
1947708
737135
1990157
1049948
2125729
2003775625
1175052
1105573
730468
630208
691459
720156
1013229
865834
1079740
2279635
656302
653958
2007555988
1369896
837500
1071875
1587969
1754011
1805156
1734063
2119428
720938
802968
1805677
2004612760
1853542
870729
1556718
860157
1041094
1194896
1992188
821094
919896
635469
2192136
2015177707
1041302
854479
837239
657500
859167
1290468
1963125
1769583
1743854
1124636
1955520
2008187135
1164791
687812
352500
335260
284844
539063
1219688
852031
1764167
1395104
1825834
1784323
2014890729
984896
860729
775365
731354
634271
1801302
1022344
1843177
1785156
1923333
929323
2019489114
941667
836458
982136
1358177
1360000
1763646
891927
2052292
1817864
1532812
1905104
2031989062
953229
852760
903906
674218
2139062
938229
1938698
1839218
2271406
1661719
1978177
897552
2018943280
940312
837865
823802
1145208
680364
1524323
1452240
1196875
1654844
2029427
2169479
2039218906
1719636
833907
1004792
1162708
1238750
937292
924844
1816771
972761
1758281
1787656
2360885
2005059114
1396666
1213594
743490
645104
653646
1346563
943750
1071771
1768542
2218125
1617239
2039530416
991719
866614
997864
669531
905573
618542
508802
2194479
2317291
1762448
1782136
2009364635
1248281
1066615
1662916
1817709
881406
1656615
924844
830365
1959479
1843593
1787500
2007250051
1550833
818906
816562
1756458
1753854
760886
1815729
1797604
1766354
1768750
2548334
1023333
2005957707
1763437
897969
1267240
887709
801979
2024271
1778542
1742083
1764063
1756666
1790417
2015464062
1934948
853750
1127552
1215416
1749271
1962656
1821823
1163385
1756094
1757292
1555052
2009855937
1643542
2023177
948854
662552
664531
1841146
1851041
1091406
657917
1787709
1923750
2005112759
1583021
839063
1065781
1176354
1183334
558229
2020156
1778854
2116563
934792
2140990
1804010
2015170729
998125
1470834
811979
713750
1628229
546823
545521
372917
1802656
1846615
1878073
2010793853
925208
672031
863646
962552
1793750
2277500
2019584
2180365
891093
740417
1986718
2035603801
921198
856979
1192917
1398125
1349896
2193489
2152709
1802500
2194375
1150104
2210729
1815312
2038684062
1539896
869427
1074011
762656
1078385
1884688
2806407
856041
1855989
1847344
941718
2039006666
981927
875573
1017344
716406
906041
1213125
1421614
928646
1867865
1833802
2208907
2170417
2031414947
1279532
1008958
822917
882240
983646
768073
555208
550052
990157
1807864
1887396
2005978749
1451146
898230
1021354
1428698
1433698
1104063
1837500
2023906
1883489
1876667
1073593
2010341822
1612969
901510
958490
1416875
1917968
759895
1988750
1809896
1832709
906458
1861562
941354
2040553957
973542
858281
884740
846458
887291
2181666
2131354
2031770
2237083
2017865
1845938
2007492030
1403385
947239
1494792
1630052
1237292
1090000
1029896
1919271
1817135
1846406
2262031
2010679478
1510781
1394115
983750
861615
947031
806823
1870989
1792865
1808646
1446354
1868021
723541
2003978593
1016562
1533437
969219
685521
1056771
1815365
2044532
2148646
2136250
1778750
2774740
2021158333
2061250
1599063
859375
867604
768854
1796093
900677
837031
1883386
1826146
1293542
2011977864
1565729
848073
1750260
1946042
873750
1169740
1487135
1876615
1974219
1590417
1855469
954270
2036037083
982553
887448
752396
666406
1219375
590885
1956823
1750678
1837657
1370365
2012812
2011599218
966146
688021
669323
10548230
1980677
576250
527708
2056875
1969427
868594
2043073
2034419322
1866562
890885
851302
685364
882656
553697
965000
1110417
968646
1845729
1828906
1863021
2006902812
1898959
1422344
1281042
1351459
1427292
1322031
1889843
1818750
2640521
1842969
747760
2006036822
1540052
938854
985989
658906
1189323
1200157
1077344
1850937
2437969
2562969
655156
2034194738
1520052
912187
869271
1584219
1471771
1783594
1495157
1288229
1909792
1881145
1820782
2006802968
1663125
904114
679427
611302
724375
576303
2763438
1891354
1167188
2172605
2000469
1769271
2003529322
1006197
924375
934115
767083
1102239
519896
637760
1915208
1870000
991302
1808906
2008185208
1848281
864375
993958
1466198
948281
706406
1819531
2405052
1835104
1664115
1300521
2004909687
1167657
1463698
1008177
890625
736980
548802
1808958
1919167
1891198
1775834
1852031
2015881302
1805365
887344
803282
1430521
1622760
1872552
716354
1848594
1868594
1780625
1782708
1612239
2010645260
1496406
973906
933750
775156
378698
201927
1914688
1981927
1838073
2924948
1791511
2010581405
1445416
1853333
951042
803125
632969
530781
1857656
2076145
1082916
889583
1894063
2017983801
1197553
702500
591511
767395
1015208
546875
1838698
970938
2077344
1878907
1624740
2014382760
2024114
1447552
933959
1148854
742239
555781
1804479
947187
2093073
1809895
1786042
962969
2008661145
1286823
888177
1245625
1461979
1684687
1966979
2075312
1595573
2072291
918125
1157187
2033768801
1684531
1275000
981979
734479
708646
1371042
892969
2212396
692395
1795104
1895938
1043958
2039847760
1927135
852813
1169271
879844
1828073
1832292
2206302
2286094
936511
1877760
1814688
2034236405
1748698
869375
693229
740886
902188
576250
1942864
796042
1798385
1450937
1936458
846979
2005193333
1167813
839948
833281
963334
612917
670625
593125
1802760
2727500
1818282
780572
2025098073
1231094
849271
1089010
817605
719636
2031197
612031
1840730
2192240
1299323
2256770
2001894635
931667
734740
707917
571406
458542
581614
2015677
1050938
1468750
1841718
1694115
2017903906
1274844
855000
841458
1367500
1758021
1852656
1596093
2015156
1862760
2129740
2146979
2013621301
2063229
867968
879843
748541
708594
1804583
1814896
1749011
1771614
1632656
842969
1172813
2010163020
1668646
1575521
863802
982084
1200156
526927
600417
2215313
1827031
1786250
2039011
2014189738
1500469
952135
1120729
730260
652552
1257656
1850782
1807292
2384740
785000
1918125
2012857812
1609687
865312
1263594
716302
1070208
847864
677136
579114
2094323
1807760
1973021
1266667
2042679010
1533229
1445677
855260
914531
853229
993542
1896250
1803385
848594
1810782
1977239
2021398540
1240000
1256771
891666
1224948
1605261
979218
784114
2251770
2088802
2062448
2077344
2042078697
993125
884636
828854
664687
1600573
1134271
1812083
1362344
2561197
1801719
1411407
822343
2023978332
2119792
873021
1419271
1050364
921250
852395
1817968
1816562
2047708
1440364
1065781
2038982968
1379948
923906
957552
905833
574948
581093
1827500
1020104
2374322
725833
2425365
2004564895
1082708
1574895
1378906
1958385
869323
1809791
1814114
1015677
730729
1858593
1814531
1754479
2005422291
812968
806979
941719
745052
1759687
530052
641146
542708
1822916
1641511
1232865
2003732968
1450313
884532
747031
949479
1057708
1812552
1791719
1076042
1900833
1285157
1986354
2008231301
532396
1014635
721875
1165052
1616667
734583
1994687
1859427
1808489
1831614
2288125
2004308801
1162604
865417
777031
750208
2172604
651459
548958
978646
531667
1806718
2029792
1070677
2013968437
1563281
920468
741615
333073
265469
530677
560729
2221250
2455990
1344844
1868073
2009071666
1385000
888542
852969
734167
640573
1826146
2114636
1985260
889531
1819114
1795938
2021800468
951875
1017604
838333
701563
774063
2283073
1073281
1068281
1807760
858021
1805781
2021405624
942188
837292
877448
1235157
1117864
967187
2470833
2057448
2080625
2073125
2032031
778281
2033095989
1473802
1422656
805521
726458
698593
1799531
1538802
690364
651979
573281
596302
2039072030
1842657
908489
988073
858021
691458
510156
2365677
2081354
1865573
2037761
907396
728750
2042363645
967500
1501458
609479
763803
1591563
1589114
674010
1008958
1863646
1791302
950833
2007682291
1345208
821093
1098698
1377188
755781
1237709
2389010
1786614
1442604
840208
2453542
2004724479
962084
869323
924427
1041667
942605
672552
1847292
1750989
1784636
914375
2314531
1773334
2004927656
962812
854271
1022448
869219
698542
543855
560052
1852448
1607187
2064115
987604
2010713229
1488282
888385
991511
1341718
1761875
1073021
2088072
2036719
1366093
919688
3705885
2004358801
1618021
1545052
899166
836042
787969
820625
1924792
1776146
1794792
1811354
1776719
2009769530
772136
731198
632865
594531
1763959
1916563
1934063
2154427
2092344
1910104
981927
1895468
2013985729
954948
868854
861458
610468
866093
836146
1888489
1778906
1917657
2153542
1878490
2009112968
944375
856615
1058385
1231666
1559792
1994843
1598229
2872240
677031
563542
1857500
2035412186
1329531
826146
821667
630157
647187
2189636
713073
1889948
1755781
1818593
1905364
1756719
2010153333
1757604
842291
912760
626250
1369948
2344584
1902135
1794062
1958125
956146
1928646
2035818698
926406
1198542
834531
630729
1798750
953438
1921719
1798230
2034427
1891979
2131354
2024508593
1133229
856719
1397188
1151979
601875
1719636
1836562
1773437
1751094
1725937
1824271
903125
2037975884
1552812
898333
1164531
1222239
775208
1146615
708281
512812
573438
2004167
654479
2003057186
1148177
866198
1369062
1735468
807344
524688
515469
1808802
1820417
911406
1722552
1604843
2003974270
923803
897656
418907
1080000
558854
2018958
1110833
445469
760989
1016041
1720521
2007048593
1019427
1018281
630781
934062
1295260
1753489
1885312
772708
816198
1073698
1825833
2038325415
1804479
1026406
811041
1192188
1668698
750104
1991250
1773698
2058490
1975833
2009167
2005022239
957656
909166
663125
1074271
981458
1524532
2052031
1643594
1703229
1414636
1184531
1750052
2016021874
1047396
1449323
712031
588229
1731615
1956354
1859010
1778803
1533177
1214479
1798073
2009288489
1612864
1549844
870833
861093
864844
908385
930834
2025521
1839323
1738854
1606354
2021565885
1035833
886718
1431250
600052
873802
632968
1782604
522135
1840937
1756042
875417
2010466926
1550052
827135
837448
1217500
902813
642136
1806407
2110573
1892240
2238646
1851094
2019479
2033671823
1868958
852761
830573
639271
821771
1925573
1791093
1132656
1099063
547135
582865
2026103384
1362084
834011
1388698
1218646
1341197
1928906
1793854
1731354
2134063
1824479
1902500
1959167
2034349634
957292
807761
784219
859739
670052
1877187
1140000
1721094
1844167
1749896
1765208
2027474687
1710782
867344
982032
1347864
1380417
1565104
781302
2281250
2042604
2091145
1882865
2036532082
1758021
718698
616250
1361146
1337135
536927
1836093
1751041
1828386
740417
1531042
1253385
2004707500
1300104
835729
1082292
1673698
1434480
1064427
1925052
1832032
1806823
1812500
1839583
2040613645
1720885
831510
945573
1342084
883490
1735781
1769583
883229
1764114
1552552
1742760
2004729791
672760
700729
801250
1868542
1668802
1742448
1433020
1758334
1741666
1734114
2100104
900364
2018559427
2188646
861823
758541
1348646
888541
1806875
1442031
2158385
1284948
980885
1046250
2004787291
1614271
1687135
1019479
822553
892240
1810990
1771719
858490
767604
973750
1859271
2010491927
1941146
1745520
901093
657552
639584
517500
250052
237865
515312
507448
2000730
2012185312
1383490
852031
889896
739583
694792
604427
549687
1829584
1772448
1785365
1694271
1804427
2009289426
934010
1399219
1151563
916354
1055469
1782031
2038541
1949583
2122344
1552865
1829896
2022135572
1671771
1526927
848750
815833
706302
1729114
878229
1476198
2417135
2555468
1784479
2010455468
967292
841042
952135
1347708
729844
763021
1773177
1885469
1823021
875313
1991198
2006163020
1229218
1369896
1565938
1536511
1561615
680781
1369531
1730521
1749688
1735573
743750
1056771
2035272812
1746875
876094
1065469
1052500
1423073
1933229
1770729
1767031
1779323
1408281
755782
2005802864
1604167
879687
682604
846823
1281927
525573
3175729
2055156
2952500
768959
1860312
2007726301
1358282
822656
1266198
999323
855468
667917
1815468
984270
1772448
802187
1901406
1625208
2039000364
1555782
851770
989948
793802
867812
1750677
1766458
2296771
2997083
686302
563021
2013137031
1782864
862083
869219
634219
1424688
1966614
899843
701250
1994844
1760573
1867448
1649427
2039350624
934323
1950938
679531
981719
1551979
580208
383021
2063854
1759270
1959479
1848490
2009566041
2140625
981771
711822
798594
671511
535937
872760
1805208
2209062
1847969
761302
2014506354
957708
896615
1049375
620105
990677
1049844
1016875
1778750
1829531
1714635
1044896
2016827655
1461562
851145
1002916
1263229
1321458
755677
1821250
2011979
2017864
1360208
2216459
1053906
2036036665
1725990
827968
809115
651041
702291
517084
561719
1864948
1811719
2136771
1769791
2017097447
1637916
1573125
862187
1195313
868646
1695468
2017083
1734375
763333
2083541
1825417
742240
2034346353
1685000
1340208
811771
815782
707656
764532
1756250
1723437
1739688
1765208
1122031
2008057812
1349323
863281
586823
1123020
696979
566041
2041979
914218
1883386
1725052
1758125
2023440364
1463959
841667
803282
771823
1130573
2023542
972396
689271
1561302
1806042
1718281
2024043281
1379792
1073125
1043021
1128385
1248541
874479
723073
1380521
1822812
1818958
780364
785938
2040954114
951823
1406823
860469
667552
1048490
1750052
2110885
2077031
1736980
746354
2203125
2004881041
1616615
1607343
854010
1329739
505365
641146
1773125
1829792
1816875
1614271
2831406
2008277500
1236354
854843
921302
1329375
1714948
1742136
942187
2044063
1730572
1736250
1555417
800313
2007871458
1626927
868698
1467968
869896
715157
1408855
750937
1601771
1665312
771875
1983177
2013905937
1763125
822968
773282
692708
597604
1958958
927917
808646
1842864
1508438
1544219
2005194895
1239271
860677
771562
609010
818438
1824844
660937
1291198
1809323
1745990
1763073
2008164895
1358958
908959
836770
1122552
1066302
1001927
1097552
1842552
1736093
1787760
1800208
946615
2013877551
932500
1330833
810416
749792
665834
1963958
966510
1801094
1794895
1729063
709947
2020857916
1617344
1336667
2160990
850468
884323
712916
1862500
1752292
1776823
1806146
873281
2043430572
1836718
838073
827865
1032709
1172188
905625
1441354
1285677
1354011
1866406
2583177
816563
2039795624
1543698
1269375
1032188
1920937
1578594
887292
1815677
1755938
1772344
1766042
921511
2003618541
923593
816822
968334
1144427
1890416
2399166
1755261
768281
1921822
1791198
1777500
2107448
2035059426
938855
873229
938229
1238021
1568958
948489
1815990
2166979
1867344
1791980
1511406
2007023853
1361146
895625
1224844
1259687
1421094
885052
2104896
2066302
1776458
2020000
1617084
2006227134
1361823
860364
1135938
1355729
1551562
744948
1601615
2017031
1799480
1755313
2230833
2004926458
1034636
821302
891198
1128281
857552
681042
2141354
1731771
2069323
1366198
635365
1250990
2011275833
1571823
850208
1121406
1137447
653438
1767917
1748542
1815678
965834
1606406
1761094
2004492083
1037500
1005156
1822917
688177
654219
1728177
974479
1060834
1926823
1759011
1836615
2008183437
767552
612865
688073
1730573
1540469
485834
2153021
1771510
1791719
1723281
2041355
2014107759
1635416
1527656
873698
808073
825729
1119740
1894010
1754114
1841563
1816979
681406
793698
2017255625
593021
570261
1200208
594479
576875
495938
1815053
1976667
1801406
823855
1927813
2015074270
927917
825729
840521
708229
800365
505104
1896354
1867968
1739323
845937
1791979
2024444583
1634948
1540104
843177
1365209
1326302
877239
2066198
2059375
2209323
892604
883646
2688073
2033796302
1339740
923802
660938
670312
673646
1851771
1818125
1743385
1772448
1754792
903437
2027986561
1362917
859167
1334166
1329375
1327188
1747552
892761
1070573
1804011
1808333
1171146
2007388437
1643385
1430208
833281
642917
2139583
1982552
1945000
2026927
1758386
726927
2743646
2004508750
938802
989166
1010156
1118125
1061563
2069844
2073906
1574740
1629219
1767135
1758698
1732656
2039008593
1087240
825156
880052
1153386
914166
2024792
1747136
1373125
1280885
1838437
1847292
2002578384
1516875
624323
639479
1088698
1435937
1749687
1008021
743594
1835625
1800365
1810937
2008837395
733021
755417
703698
329375
271042
551875
565104
2320834
1760468
743334
2560417
1852552
2011897499
1625261
847709
827709
831875
648333
1728073
531875
595521
1871406
1790521
1913073
2011859375
941667
1407604
739688
1270469
891563
2092865
2037344
1801042
1929219
2074948
652448
2011704791
1049479
910000
581666
635989
1831302
2454896
759375
1755781
1008594
1565886
1754896
2008935989
484375
469167
318646
267396
322396
1687552
1758021
2691042
1835313
1729584
1945313
1772656
2017038489
995156
824844
952292
1208125
1359636
869948
1950521
1758802
1941614
1764115
1855156
2040707916
1738594
964479
1356041
1351980
887343
703802
1870469
1755781
1773281
1776355
1799844
2003621822
1732969
817136
1115573
794062
1176718
846979
1816875
1817865
1780313
1767239
1684740
693125
2033131874
1698750
1714010
968854
1358021
1262708
886614
1854531
1809636
1971302
1738959
1796510
2002951145
1589844
861823
972396
815000
1422292
978489
2311823
2304062
1981771
1793020
1454583
2014582447
1635312
1560469
859843
1374843
1396667
957553
1438490
1802187
1749896
1731771
1859062
883073
2038522239
1088802
851823
983125
1100520
1115625
1189375
1867135
2208698
2085469
1908021
1123646
2041984427
1738229
840677
1389219
833333
924583
944218
1962969
1259687
1731875
2644010
884427
1595209
2004574374
1787291
878386
1223750
831614
1844271
1760469
1739896
1443698
1828854
761718
1967812
2015785260
540104
445261
541354
516875
468229
470781
1793698
807448
1460573
1690052
2008073
2003568124
1799063
918542
838333
736145
655938
1774635
1726562
1758594
1784167
740677
1978333
2013383385
1291511
856771
751927
1028958
1538490
1781250
1477396
1901823
2161927
1779219
2200052
1613281
2014199479
1108698
781875
642813
735729
506823
524636
537552
915989
1942136
1747917
1805885
2009111093
939688
934688
699739
1327188
924896
1744270
909688
1646198
2045104
1767656
1863281
2032367291
1180833
868437
637292
666771
932240
767136
1939583
1824323
856094
1025313
1761198
917656
2009362083
959532
941198
1112344
1546250
888125
640469
2376406
1755937
1895781
1867500
1057761
2040172135
1048177
829062
830781
693021
720886
2332135
1803281
2306770
2389375
1989115
1709687
2025396874
935677
893386
1004115
2251406
707552
819063
1863073
1385468
1813646
1431927
1924843
1813646
2037997290
1018125
813334
1064584
806563
811614
694896
2237761
2017552
2024323
1185469
749115
2010571249
1563541
841719
1298281
1401355
1579896
1796927
2459896
674271
1781770
1889427
1791823
1769167
2037788905
1130729
1000781
770052
946928
1771406
2032656
2889323
1598646
1134791
803021
3160468
2004437290
1271927
851094
1457656
1448125
1587447
899167
2694427
1767760
1764323
1771146
1626719
2006581197
1562604
716302
599531
690469
768229
1908698
4126354
906979
1744167
849532
792396
2002797082
1557708
861146
1203177
1185000
829115
833177
987812
2125052
1889323
731718
1023542
868698
2014311457
1770469
1117708
715417
699271
595468
1279688
980834
1840260
1774428
1849322
696042
2007298488
1333125
830365
827760
747396
717083
2595886
3594896
981146
1559844
1038438
916927
2019730000
1973438
845886
829687
789635
687344
1851354
2442708
891563
1134115
913178
833802
2017361562
1580625
870364
821875
789427
924062
1275781
2841875
915521
2116458
1381666
933490
1685678
2017291874
974010
1087865
719479
820885
626302
703333
1985261
1786771
1760677
1644948
734688
2039908749
1363854
959584
932656
904375
792187
1436354
1845885
889896
2500729
1258125
669531
1809844
2042218906
1294740
1270677
887969
759635
614323
1558958
1120364
1787552
1802813
916094
988021
2006496561
1543854
3273541
852031
825365
819271
725052
1949375
900937
1829063
1319843
967916
2027848958
1421511
855313
1418490
1555572
891927
682187
1699688
1166458
2155364
922187
1535000
2012634687
1605729
880365
851094
831198
662396
1154062
1388594
756041
1822865
931979
939895
983125
2016139791
1341615
762344
654531
984427
772604
1750833
2499323
1945521
1150990
934687
2367917
2011845989
1606563
1525989
831355
864375
702083
823437
503958
1101302
1789948
1196511
1015156
2016514479
1737865
1126198
718958
1451562
787083
1058020
1800677
1019010
1754115
737500
1789948
2016182916
1453802
1067448
394740
716511
870782
1821823
326823
417916
797552
812813
725989
656042
2008058488
1569427
1548646
905781
739427
811563
1464635
1696563
896250
2702760
2025157
1767188
2042717603
1404740
1033125
957969
659219
652448
810364
1878854
1803958
1490521
889219
1170208
2013707968
1413177
1339687
1088386
983646
694584
1825105
749792
641406
1986458
1975782
2407709
913438
2005132187
1792500
942291
692708
888594
800261
2224062
678489
851927
1826719
1506198
757604
2037387656
904636
881250
752760
673959
635938
839010
1827031
1836355
901042
914948
1921302
2003765781
966562
933646
645000
675729
613125
1124323
992395
1521302
1033698
1019427
827968
2010052707
664792
708021
346875
340417
335834
335000
570000
786145
2384531
224739
189479
171198
2009917916
2511771
653958
662239
696145
251355
301302
499167
549427
510625
799219
790730
2012007551
1479427
933073
1555052
704688
886875
1584843
1901615
1786146
1819375
1209896
916406
2015450676
1966823
815937
1025313
1127656
974947
1444323
2088542
1872239
1890000
1434427
944532
2011632864
2030990
879323
1011614
692031
666563
557708
1584219
496875
519375
1883386
1854219
1900365
2006479478
168906
154375
351042
552084
490156
1194531
686927
1784375
1778542
1749115
1183125
2017932760
1269687
837448
842448
775365
757760
552188
516875
562917
1929740
1999479
1872656
2011917707
1135104
744895
768958
939844
757708
1771093
1734531
1908385
1720052
1501614
1637969
2027034530
1738125
810000
816146
763802
1523125
2054635
1154428
1724427
1735781
1735260
1731042
1746510
2016165936
1350990
838229
684896
931094
1410625
1865052
1861093
1937396
741146
1797864
1738281
2003883853
1369531
1261250
1397240
1657500
914479
647500
1754896
2051927
2057916
928073
2543073
2004163906
2215833
858594
1059218
1208802
910261
715521
1083020
1411459
1763802
1778541
916250
2001292083
1318542
770833
675677
717084
632500
771823
688959
1143646
1233594
787656
1951510
1231719
2005270155
1754948
845104
1755729
1249322
919532
550781
566302
1159948
685260
1335730
2041406
2037939842
2174114
887865
859271
684479
1377188
2269844
750208
1917761
1775677
1250573
1807031
2013545677
1548542
851667
835156
1210886
1102239
1374635
1060625
736458
2062500
1902344
2007083
1778021
